-1 1  100
-1 2  100
-1 3  -99999
-1 4  100
-1 5  100
-1 6  100
-1 7  100
-1 8  100
-1 9  100
-1 10  101
-1 11  100
-1 12  100
-1 13  100
-1 14  100
-1 15  102
-1 16  100
-1 17  100
-1 18  100
-1 19  100
-1 20  100
-2 1  100
-2 2  100
-2 3  100
-2 4  100
-2 5  100
-2 6  85
-2 7  100
-2 8  -99999
-2 9  102
-2 10  100
-2 11  100
-2 12  100
-2 13  100
-2 14  100
-2 15  102
-2 16  100
-2 17  100
-2 18  100
-2 19  100
-2 20  -99999
-3 1  100
-3 2  100
-3 3  100
-3 4  100
-3 5  100
-3 6  100
-3 7  100
-3 8  100
-3 9  100
-3 10  100
-3 11  100
-3 12  100
-3 13  100
-3 14  100
-3 15  100
-3 16  100
-3 17  100
-3 18  100
-3 19  100
-3 20  100
-4 1  100
-4 2  100
-4 3  100
-4 4  100
-4 5  100
-4 6  100
-4 7  100
-4 8  100
-4 9  100
-4 10  100
-4 11  100
-4 12  100
-4 13  100
-4 14  100
-4 15  100
-4 16  100
-4 17  100
-4 18  100
-4 19  100
-4 20  101
-4 21  100
-4 22  100
-4 23  100
-4 24  100
-4 25  100
-4 26  100
-5 1  111
-5 2  114
-5 3  113
-5 4  113
-5 5  114
-5 6  115
-5 7  114
-5 8  140
-5 9  112
-5 10  140
-5 11  119
-5 12  115
-5 13  109
-5 14  114
-5 15  109
-5 16  111
-5 17  107
-5 18  107
-5 19  103
-5 20  103
-5 21  107
-5 22  106
-5 23  107
-5 24  107
-5 25  108
-5 26  108
-5 27  107
-5 28  109
-5 29  104
-5 30  106
-5 31  112
-5 32  107
-5 33  120
-5 34  120
-5 35  185
-5 36  185
-6 1  120
-6 2  125
-6 3  123
-6 4  115
-6 5  119
-6 6  117
-6 7  119
-6 8  119
-6 9  124
-6 10  124
-6 11  122
-6 12  122
-6 13  124
-6 14  123
-6 15  123
-6 16  123
-6 17  123
-6 18  119
-6 19  119
-6 20  120
-6 21  135
-6 22  130
-6 23  124
-6 24  122
-6 25  185
-6 26  185
-6 27  185
-6 28  185
-6 29  185
-6 30  185
-6 31  123
-6 32  124
-6 33  107
-6 34  107
-6 35  104
-6 36  106
-7 1  107
-7 2  109
-7 3  106
-7 4  104
-7 5  109
-7 6  106
-7 7  107
-7 8  106
-7 9  108
-7 10  103
-7 11  108
-7 12  106
-7 13  107
-7 14  106
-7 15  140
-7 16  103
-7 17  140
-7 18  123
-7 19  125
-7 20  120
-7 21  120
-7 22  124
-7 23  124
-7 24  119
-7 25  123
-7 26  120
-7 27  123
-7 28  140
-7 29  119
-7 30  122
-7 31  123
-7 32  123
-7 33  119
-7 34  122
-7 35  120
-7 36  122
-8 1  140
-8 2  123
-8 3  140
-8 4  119
-8 5  140
-8 6  120
-8 7  122
-8 8  120
-8 9  123
-8 10  122
-8 11  122
-8 12  119
-8 13  120
-8 14  122
-8 15  120
-8 16  122
-8 17  107
-8 18  107
-8 19  108
-8 20  106
-8 21  140
-8 22  108
-8 23  106
-8 24  106
-8 25  107
-8 26  100
-8 27  108
-8 28  107
-8 29  109
-8 30  108
-8 31  107
-8 32  106
-8 33  106
-8 34  108
-8 35  107
-8 36  112
-9 1  140
-9 2  140
-9 3  108
-9 4  107
-9 5  140
-9 6  108
-9 7  108
-9 8  104
-9 9  106
-9 10  108
-9 11  108
-9 12  107
-9 13  107
-9 14  108
-9 15  106
-9 16  103
-9 17  108
-9 18  109
-9 19  109
-9 20  103
-9 21  111
-9 22  108
-9 23  106
-9 24  106
-9 25  102
-9 26  104
-9 27  107
-9 28  106
-9 29  106
-9 30  106
-9 31  107
-9 32  103
-9 33  108
-9 34  140
-9 35  108
-9 36  107
-10 1  140
-10 2  107
-10 3  109
-10 4  106
-10 5  106
-10 6  106
-10 7  109
-10 8  109
-10 9  106
-10 10  111
-10 11  107
-10 12  109
-10 13  108
-10 14  113
-10 15  111
-10 16  107
-10 17  101
-10 18  100
-10 19  103
-10 20  101
-10 21  104
-10 22  107
-10 23  103
-10 24  106
-10 25  107
-10 26  108
-10 27  109
-10 28  106
-10 29  107
-10 30  108
-10 31  107
-10 32  106
-10 33  123
-10 34  123
-10 35  142
-10 36  131
-11 5  124
-11 6  43
-11 7  43
-11 8  161
-11 9  60
-11 10  45
-11 11  45
-11 12  41
-11 13  42
-11 14  45
-11 15  124
-11 16  46
-11 17  42
-11 18  45
-11 19  42
-11 20  42
-11 21  47
-11 22  148
-11 23  42
-11 24  147
-11 25  48
-11 26  43
-11 27  42
-11 28  151
-11 29  128
-11 30  145
-11 31  46
-11 32  46
-11 33  46
-11 34  47
-11 35  47
-11 36  46
-11 37  124
-11 38  45
-11 39  46
-11 40  47
-11 41  45
-11 42  43
-12 1  45
-12 2  47
-12 3  124
-12 4  124
-12 5  60
-12 6  48
-12 7  43
-12 8  124
-12 9  124
-12 10  -99999
-12 11  124
-12 12  124
-12 13  46
-12 14  124
-12 15  43
-12 16  46
-12 17  124
-12 18  40
-12 19  41
-12 20  124
-12 21  124
-12 22  124
-12 23  37
-12 24  100
-12 25  60
-12 26  42
-12 27  41
-12 28  41
-12 29  42
-12 30  41
-12 31  42
-12 32  124
-12 33  124
-12 34  42
-12 35  40
-12 36  37
-12 37  42
-12 38  42
-12 39  40
-12 40  41
-12 41  82
-12 42  124
-13 1 -99999
-13 2  124
-13 3  124
-13 4  124
-13 5  124
-13 6  42
-13 7  42
-13 8  42
-13 9  40
-13 10  124
-13 11  41
-13 12  40
-13 13  41
-13 14  60
-13 15  60
-13 16  46
-13 17  43
-13 18  45
-13 19  42
-13 20  60
-13 21  43
-13 22  124
-13 23  124
-13 24  124
-13 25  43
-13 26  124
-13 27  124
-13 28  43
-13 29  100
-13 30  -99999
-13 31  124
-13 32  -99999
-13 33  124
-13 34  39
-13 35  124
-13 36  39
-13 37  37
-13 38  124
-13 39  124
-13 40  43
-13 41  124
-13 42  100
-14 1  39
-14 2  172
-14 3  40
-14 4  39
-14 5  40
-14 6  41
-14 7  37
-14 8  40
-14 9  41
-14 10 50
-14 11  42
-14 12  40
-14 13  40 
-14 14  169
-14 15  42
-14 16  165
-14 17  41
-14 18  170
-14 19  43
-14 20  41
-14 21  50
-14 22  42
-14 23  50
-14 24  41
-14 25  170
-14 26  43
-14 27  50
-14 28  165
-14 29  168
-14 30  45
-14 31  42
-14 32  42
-14 33  42
-14 34  45
-14 35  269
-14 36  41
-14 37  269
-14 38  42
-14 39  42
-14 40  41
-14 41  43
-14 42  45
-15 1  41
-15 2  169
-15 3  41
-15 4  42
-15 5  39
-15 6  169
-15 7  165
-15 8  41
-15 9  42
-15 10  172
-15 11  41
-15 12  40
-15 13  200
-15 14  63
-15 15  69
-15 16  51
-15 17  41
-15 18  222
-15 19  167
-15 20  41
-15 21  41
-15 22  41
-15 23  57
-15 24  200
-15 25  40
-15 26  53
-15 27  45
-15 28  170
-15 29  58
-15 30  40
-15 31  42
-15 32  39
-15 33  50
-15 34  41
-15 35  50
-15 36  39
-15 37  39
-15 38  41
-15 39  -99999
-15 40  50
-15 41  40
-15 42  40
-16 1  41
-16 2  42
-16 3  170
-16 4  40
-16 5  40
-16 6  50
-16 7  45
-16 8  41
-16 9  42
-16 10  164
-16 11  42
-16 12  50
-16 13  50
-16 14  172
-16 15  41
-16 16  164
-16 17  50
-16 18  41
-16 19  184
-16 20  179
-16 21  176
-16 22  50
-16 23  42
-16 24  50
-16 25  50
-16 26  43
-16 27  43
-16 28  39
-16 29  42
-16 30  42
-16 31 -99999
-16 32  41
-16 33  53
-16 34  43
-16 35  42
-16 36  42
-16 37  40
-16 38  45
-16 39  43
-16 40  43
-16 41  43
-16 42  43
-18 1  50
-18 2  50
-18 3  40
-18 4  39
-18 5  50
-18 6  41
-18 7  41
-18 8 -99999
-18 9  43
-18 10  45
-18 11  50
-18 12  43
-18 13  40
-18 14  50
-18 15  41
-18 16  42
-18 17  45
-18 18  45
-18 19  50
-18 20  43
-18 21  42
-18 22  43
-18 23  45
-18 24  50
-18 25  47
-18 26  45
-18 27  46
-18 28  46
-18 29  43
-18 30  43
-18 31  46
-18 32  45
-18 33  40
-18 34  41
-18 35  42
-18 36  50
-18 37  42
-18 38  41
-18 39  42 
-18 40  42 
-18 41  40
-18 42  41
-19 1  164
-19 2  37
-19 3  39
-19 4  164
-19 5  41
-19 6  39
-19 7  41
-19 8  40
-19 9  40
-19 10  40
-19 11  40
-19 12  169
-19 13  41
-19 14  169
-19 15  40
-19 16  41
-19 17  42
-19 18  46
-19 19  46
-19 20  190
-19 21  46
-19 22  45
-19 23  46
-19 24  46
-19 25  47
-19 26  45
-19 27  45
-19 28  43
-19 29  54
-19 30  50
-19 31  56
-19 32  50
-19 33  48
-19 34  41
-19 35  46
-19 36  50
-19 37  50
-19 38  50
-19 39  50
-19 40  40
-19 41  157
-19 42 -99999