V 8.00
c
c *** Stephan 3/6-05
c *** the pulse handling was changed. amasim now needs a seperate
c *** pulse description for the prompt and delayed output channel 
c *** of the swamp
c *** the delayed pulse description was split from the prompt pulse 
c *** description and a new pulse was defined with the delayed pulse.
c *** To allow association with the prompt pulse, the same number with
c *** on offset of 9000 was used
c *** Can now read binned pulses and fitted pulses ! 
c *** Description of fitting procedure at
c *** http://www.physto.se/~christin/amasim.html
c 
c *** pulses numbered 4 & 5 have only prompt pulse !

c **** 08/12/02 ML: Add pulse shape for hybrid channels
c **** in string 5-10: 
c **** 87 89 91 93 95 97 
c **** 123 125 127 129 131 133 
c **** 186 190 194 197 199 201 203 205 
c **** Shape was first created in 06/26/2000
c 
c **** New pulse shapes measured in 2001. See 
c **** http://www.ps.uci.edu/~hundert/amanda/a-ii/pulse/pulse.html
c **** for the pulse shapes. Pulse were assigned to OMs based on 
c **** values in OM DB 
c
c
c **** LEU: average hybrid om pulse shape (selected OMs) May 26 00
c **** prompt pulse only
PULSBEGIN
STAT 4 192 10.24
DIST     0.    7.   31.   81.  154.  253.  364.  481.  585.  679.
DIST   760.  826.  877.  916.  946.  971.  984.  995. 1000. 1000.
DIST   993.  982.  967.  954.  933.  913.  893.  873.  849.  826.
DIST   804.  782.  757.  735.  714.  693.  671.  649.  628.  612.
DIST   589.  571.  554.  538.  521.  504.  488.  474.  458.  444.
DIST   431.  419.  405.  391.  377.  369.  354.  342.  332.  323.
DIST   311.  300.  292.  284.  274.  266.  258.  252.  244.  236.
DIST   228.  224.  215.  208.  202.  197.  191.  184.  178.  174.
DIST   166.  161.  156.  152.  146.  140.  134.  133.  126.  122.
DIST   119.  117.  112.  107.  104.  103.   97.   94.   92.   91.
DIST    86.   83.   80.   80.   75.   72.   70.   69.   66.   63.
DIST    61.   61.   57.   55.   54.   53.   50.   47.   44.   46.
DIST    41.   39.   38.   38.   34.   33.   31.   31.   27.   27.
DIST    25.   27.   24.   24.   20.   24.   19.   20.   18.   20.
DIST    16.   17.   14.   17.   11.   13.   11.   13.    9.   10.
DIST     6.   11.    5.    7.    4.    7.    4.    5.    3.    5.
DIST     2.    4.    2.    5.    2.    3.    1.    4.    0.    2.
DIST     1.    3.    1.    2.    0.    3.    0.    1.    0.    3.
DIST     1.    1.   -2.    2.   -1.    1.   -2.    2.   -2.   -1.
DIST    -3.    0.
PULSEND
c
c **** LEU: average coax pulse shape (string 1-4) May 26 00 OLD!
c **** prompt pulse only !
PULSBEGIN
STAT 5 192 20.5
DIST     0.    9.   48.  126.  243.  381.  520.  647.  754.  840.
DIST   907.  954.  983.  998.  998.  988.  968.  940.  906.  867.
DIST   823.  776.  727.  676.  624.  572.  519.  467.  414.  364.
DIST   314.  267.  222.  179.  138.   98.   61.   26.   -6.  -37.
DIST   -67.  -93. -118. -141. -163. -184. -203. -220. -237. -251.
DIST  -264. -275. -286. -296. -304. -312. -319. -324. -329. -333.
DIST  -337. -339. -341. -342. -343. -343. -343. -342. -341. -340.
DIST  -338. -336. -334. -331. -328. -325. -322. -318. -315. -310.
DIST  -306. -302. -297. -292. -288. -283. -278. -273. -269. -264.
DIST  -258. -253. -248. -243. -238. -233. -228. -223. -218. -212.
DIST  -208. -203. -198. -193. -188. -183. -178. -173. -170. -165.
DIST  -161. -157. -153. -149. -145. -141. -138. -134. -131. -127.
DIST  -124. -120. -117. -113. -110. -107. -104. -101.  -98.  -95.
DIST   -91.  -88.  -85.  -83.  -80.  -77.  -74.  -71.  -69.  -66.
DIST   -64.  -62.  -59.  -57.  -55.  -53.  -50.  -48.  -46.  -44.
DIST   -43.  -41.  -39.  -37.  -35.  -34.  -32.  -31.  -29.  -28.
DIST   -27.  -25.  -23.  -22.  -21.  -20.  -18.  -17.  -16.  -15.
DIST   -14.  -12.  -12.  -11.  -10.   -9.   -8.   -8.   -7.   -6.
DIST    -5.   -5.   -5.   -4.   -3.   -3.   -2.   -1.   -1.    0.
DIST     0.    0.
PULSEND
c
c **** standard twisted (string 5-10) mesured 2/2001 taken from 7-25
c **** prompt pulse
PULSBEGIN
STAT 6 586 4.
DIST     6.    7.    7.   10.   13.   19.   28.   41.   58.   80.
DIST   108.  143.  185.  233.  286.  347.  412.  481.  548.  613.
DIST   674.  729.  781.  827.  866.  900.  930.  953.  971.  983.
DIST   990.  996. 1000. 1000.  998.  992.  985.  977.  965.  954.
DIST   941.  927.  911.  895.  878.  859.  841.  822.  802.  782.
DIST   763.  742.  722.  700.  679.  659.  637.  617.  596.  574.
DIST   551.  530.  508.  487.  466.  446.  425.  405.  384.  364.
DIST   344.  325.  304.  285.  267.  248.  230.  212.  194.  177.
DIST   163.  146.  130.  115.   98.   83.   70.   55.   41.   25.
DIST    14.    1.  -12.  -24.  -36.  -45.  -55.  -64.  -74.  -82.
DIST   -91.  -98. -105. -112. -119. -125. -132. -139. -145. -150.
DIST  -156. -160. -165. -170. -175. -179. -182. -186. -190. -194.
DIST  -198. -200. -203. -207. -209. -212. -214. -215. -220. -223.
DIST  -225. -225. -225. -226. -226. -227. -229. -230. -231. -233.
DIST  -232. -233. -233. -233. -233. -233. -233. -232. -232. -229.
DIST  -227. -226. -223. -223. -223. -223. -224. -222. -220. -221.
DIST  -220. -218. -217. -216. -216. -215. -216. -215. -213. -213.
DIST  -212. -212. -211. -210. -208. -205. -204. -201. -198. -195.
DIST  -195. -193. -192. -190. -189. -188. -187. -185. -185. -183.
DIST  -181. -180. -177. -175. -173. -171. -170. -169. -169. -168.
DIST  -165. -163. -161. -159. -158. -155. -156. -154. -153. -151.
DIST  -150. -149. -147. -145. -146. -144. -143. -142. -142. -142.
DIST  -142. -142. -140. -139. -139. -137. -135. -135. -135. -134.
DIST  -132. -129. -128. -126. -124. -123. -119. -117. -114. -112.
DIST  -111. -109. -108. -109. -108. -107. -107. -107. -107. -106.
DIST  -107. -107. -107. -108. -107. -106. -106. -106. -107. -106.
DIST  -106. -106. -105. -104. -105. -105. -104. -105. -103. -103.
DIST  -102. -102. -102. -102. -101. -100.  -99.  -99.  -98.  -98.
DIST  -100.  -99. -100.  -99. -100. -101.  -99.  -98.  -98.  -97.
DIST   -96.  -97.  -96.  -95.  -94.  -92.  -91.  -90.  -89.  -88.
DIST   -88.  -87.  -88.  -88.  -86.  -87.  -87.  -86.  -86.  -85.
DIST   -85.  -84.  -84.  -84.  -84.  -83.  -82.  -82.  -80.  -80.
DIST   -81.  -79.  -76.  -74.  -72.  -70.  -70.  -68.  -67.  -65.
DIST   -65.  -65.  -64.  -63.  -61.  -59.  -59.  -58.  -57.  -57.
DIST   -57.  -58.  -59.  -58.  -58.  -57.  -59.  -59.  -59.  -58.
DIST   -58.  -58.  -57.  -57.  -56.  -56.  -57.  -57.  -56.  -57.
DIST   -57.  -55.  -56.  -55.  -56.  -56.  -55.  -55.  -55.  -53.
DIST   -53.  -53.  -53.  -53.  -54.  -54.  -54.  -54.  -55.  -55.
DIST   -55.  -56.  -57.  -57.  -56.  -57.  -56.  -56.  -55.  -54.
DIST   -55.  -55.  -55.  -55.  -55.  -53.  -52.  -52.  -51.  -52.
DIST   -52.  -51.  -51.  -52.  -52.  -52.  -52.  -53.  -53.  -53.
DIST   -53.  -52.  -52.  -53.  -51.  -51.  -51.  -50.  -51.  -51.
DIST   -50.  -50.  -49.  -49.  -47.  -47.  -46.  -48.  -48.  -47.
DIST   -48.  -48.  -48.  -47.  -46.  -44.  -44.  -44.  -44.  -44.
DIST   -44.  -43.  -43.  -43.  -44.  -43.  -42.  -40.  -39.  -39.
DIST   -39.  -38.  -37.  -37.  -36.  -35.  -36.  -35.  -34.  -33.
DIST   -31.  -30.  -31.  -30.  -30.  -30.  -31.  -32.  -32.  -33.
DIST   -34.  -33.  -33.  -34.  -34.  -34.  -34.  -33.  -33.  -33.
DIST   -33.  -32.  -32.  -31.  -30.  -31.  -30.  -30.  -29.  -30.
DIST   -29.  -28.  -27.  -27.  -26.  -26.  -26.  -27.  -26.  -26.
DIST   -26.  -26.  -26.  -27.  -25.  -28.  -29.  -30.  -30.  -31.
DIST   -31.  -31.  -31.  -33.  -33.  -32.  -32.  -32.  -32.  -32.
DIST   -31.  -31.  -30.  -31.  -31.  -31.  -31.  -32.  -31.  -29.
DIST   -30.  -28.  -29.  -27.  -27.  -26.  -27.  -28.  -26.  -27.
DIST   -26.  -24.  -22.  -23.  -23.  -22.  -20.  -21.  -19.  -18.
DIST   -18.  -18.  -18.  -17.  -16.  -17.  -17.  -15.  -14.  -13.
DIST   -13.  -13.  -12.  -11.  -11.  -10.  -10.   -8.   -9.   -9.
DIST    -8.   -7.   -7.   -8.   -6.   -5.   -6.   -5.   -5.   -6.
DIST    -6.   -6.   -7.   -6.   -7.   -4.
PULSEND
c *** delayed pulse
PULSBEGIN
STAT 9006 580 4.
DIST    -3.    0.    1.    5.    6.   10.   13.   16.   22.   23.
DIST    28.   33.   36.   40.   44.   49.   53.   57.   63.   68.
DIST    72.   77.   83.   88.   93.   99.  104.  109.  116.  123.
DIST   129.  135.  141.  147.  155.  163.  171.  177.  184.  192.
DIST   200.  207.  217.  225.  235.  244.  253.  263.  271.  282.
DIST   293.  302.  313.  325.  336.  348.  358.  371.  383.  394.
DIST   405.  420.  432.  446.  456.  471.  486.  501.  513.  529.
DIST   544.  557.  573.  589.  602.  617.  631.  646.  660.  674.
DIST   688.  705.  719.  735.  749.  763.  778.  792.  805.  817.
DIST   831.  844.  857.  871.  882.  895.  904.  914.  926.  937.
DIST   945.  954.  961.  970.  975.  981.  986.  991.  994.  996.
DIST   997.  998. 1000.  998.  998.  995.  992.  986.  983.  979.
DIST   970.  962.  952.  944.  933.  921.  908.  895.  881.  864.
DIST   846.  829.  810.  790.  768.  746.  723.  699.  675.  650.
DIST   622.  595.  566.  540.  509.  479.  449.  419.  389.  355.
DIST   323.  290.  259.  225.  194.  161.  126.   95.   61.   29.
DIST    -4.  -36.  -67. -100. -132. -164. -197. -228. -259. -285.
DIST  -316. -342. -369. -393. -414. -436. -453. -471. -485. -500.
DIST  -513. -524. -535. -546. -553. -559. -563. -568. -570. -574.
DIST  -575. -574. -574. -571. -570. -565. -563. -557. -552. -546.
DIST  -538. -530. -523. -514. -507. -496. -485. -473. -464. -453.
DIST  -441. -430. -417. -406. -394. -381. -369. -357. -346. -335.
DIST  -324. -312. -300. -287. -278. -267. -255. -244. -235. -226.
DIST  -216. -209. -202. -193. -187. -182. -178. -171. -168. -165.
DIST  -162. -160. -158. -156. -155. -156. -154. -156. -158. -158.
DIST  -164. -162. -168. -170. -173. -178. -182. -185. -190. -193.
DIST  -199. -203. -208. -212. -218. -222. -226. -230. -235. -238.
DIST  -242. -245. -247. -250. -256. -257. -259. -260. -262. -264.
DIST  -264. -264. -264. -264. -264. -262. -261. -258. -257. -255.
DIST  -252. -250. -247. -242. -240. -237. -234. -228. -224. -222.
DIST  -215. -211. -207. -204. -198. -194. -188. -187. -182. -179.
DIST  -174. -170. -166. -161. -158. -157. -152. -149. -148. -145.
DIST  -145. -142. -139. -140. -138. -138. -136. -137. -138. -138.
DIST  -139. -138. -141. -141. -143. -145. -148. -148. -153. -155.
DIST  -158. -160. -163. -164. -168. -170. -173. -175. -178. -182.
DIST  -184. -188. -188. -192. -194. -196. -197. -200. -200. -201.
DIST  -203. -204. -205. -204. -206. -204. -203. -204. -201. -202.
DIST  -200. -197. -195. -196. -192. -189. -186. -183. -181. -179.
DIST  -175. -172. -167. -165. -159. -157. -153. -150. -145. -139.
DIST  -136. -132. -129. -125. -121. -118. -115. -109. -107. -104.
DIST  -100.  -97.  -94.  -92.  -89.  -85.  -83.  -80.  -79.  -76.
DIST   -73.  -73.  -70.  -71.  -66.  -66.  -65.  -63.  -61.  -61.
DIST   -60.  -58.  -59.  -56.  -57.  -56.  -55.  -54.  -54.  -53.
DIST   -52.  -52.  -52.  -51.  -50.  -49.  -48.  -48.  -46.  -46.
DIST   -45.  -47.  -45.  -43.  -42.  -40.  -42.  -42.  -39.  -39.
DIST   -37.  -36.  -34.  -32.  -32.  -30.  -29.  -28.  -27.  -26.
DIST   -25.  -24.  -24.  -24.  -21.  -23.  -23.  -24.  -24.  -23.
DIST   -24.  -22.  -24.  -24.  -26.  -27.  -29.  -31.  -30.  -34.
DIST   -35.  -36.  -39.  -42.  -41.  -45.  -50.  -51.  -54.  -57.
DIST   -60.  -62.  -65.  -70.  -73.  -78.  -81.  -82.  -86.  -89.
DIST   -92.  -97.  -98. -101. -104. -106. -109. -112. -114. -114.
DIST  -116. -119. -121. -121. -122. -124. -125. -122. -126. -124.
DIST  -124. -124. -123. -120. -118. -117. -116. -115. -111. -110.
DIST  -107. -103. -100.  -97.  -93.  -89.  -86.  -85.  -79.  -75.
DIST   -71.  -68.  -64.  -60.  -53.  -52.  -48.  -45.  -40.  -37.
DIST   -33.  -30.  -26.  -22.  -18.  -18.  -13.  -11.   -8.   -7.
DIST    -5.   -3.   -1.    2.    1.    2.    2.    5.    4.    2.
DIST     2.    2.    2.    3.    1.   -2.   -1.   -2.   -5.   -7.
PULSEND
c
c **** standard hybrid for strings 11-13:electrical taken from 11-22
c **** measured 2/2001
c **** prompt pulse
PULSBEGIN
STAT 7 876 4.
DIST    11.   12.   12.   11.   13.   11.   11.   12.   12.   13.
DIST    14.   15.   16.   18.   20.   23.   26.   33.   42.   53.
DIST    64.   77.   94.  115.  138.  164.  193.  225.  257.  291.
DIST   325.  361.  398.  435.  472.  512.  548.  587.  623.  658.
DIST   692.  723.  752.  779.  805.  827.  849.  869.  887.  904.
DIST   919.  934.  945.  955.  966.  974.  981.  987.  991.  996.
DIST   998.  999.  999. 1000. 1000.  999.  997.  996.  992.  988.
DIST   984.  978.  972.  966.  959.  950.  942.  934.  925.  918.
DIST   908.  900.  891.  881.  871.  862.  850.  840.  829.  818.
DIST   808.  798.  787.  777.  766.  754.  741.  731.  721.  709.
DIST   697.  685.  673.  662.  650.  638.  627.  615.  604.  592.
DIST   581.  569.  558.  546.  535.  524.  513.  504.  492.  483.
DIST   472.  461.  450.  439.  427.  416.  407.  395.  387.  377.
DIST   366.  357.  346.  338.  328.  320.  310.  301.  292.  282.
DIST   273.  264.  255.  246.  240.  232.  224.  215.  207.  198.
DIST   190.  181.  173.  165.  157.  150.  144.  136.  130.  124.
DIST   118.  111.  103.   96.   89.   83.   78.   72.   66.   60.
DIST    56.   48.   43.   38.   33.   29.   24.   20.   17.   11.
DIST     6.    3.    0.   -4.   -6.  -11.  -14.  -18.  -20.  -24.
DIST   -27.  -30.  -33.  -36.  -39.  -42.  -44.  -46.  -49.  -52.
DIST   -53.  -56.  -58.  -60.  -64.  -64.  -68.  -70.  -72.  -74.
DIST   -76.  -78.  -81.  -84.  -86.  -89.  -91.  -94.  -96.  -97.
DIST  -100. -102. -102. -104. -105. -108. -110. -111. -115. -116.
DIST  -118. -118. -121. -121. -124. -125. -126. -128. -129. -132.
DIST  -133. -135. -135. -136. -138. -139. -139. -139. -140. -141.
DIST  -141. -143. -144. -144. -145. -147. -146. -147. -147. -148.
DIST  -149. -148. -149. -149. -149. -150. -150. -151. -151. -151.
DIST  -152. -152. -152. -153. -153. -152. -152. -151. -152. -151.
DIST  -152. -152. -151. -151. -152. -153. -152. -152. -150. -149.
DIST  -149. -148. -149. -149. -149. -150. -148. -148. -147. -148.
DIST  -147. -146. -146. -147. -147. -146. -147. -146. -144. -144.
DIST  -143. -144. -143. -143. -143. -143. -143. -143. -143. -143.
DIST  -140. -142. -141. -140. -141. -141. -140. -141. -140. -139.
DIST  -138. -138. -139. -138. -137. -137. -136. -137. -136. -135.
DIST  -134. -133. -132. -131. -131. -132. -132. -131. -130. -129.
DIST  -129. -128. -128. -126. -125. -125. -123. -122. -123. -122.
DIST  -122. -121. -122. -122. -123. -122. -122. -122. -122. -121.
DIST  -121. -121. -120. -119. -118. -118. -118. -118. -118. -119.
DIST  -118. -118. -117. -117. -118. -118. -117. -116. -117. -117.
DIST  -116. -116. -116. -116. -117. -116. -116. -116. -117. -115.
DIST  -115. -115. -116. -116. -117. -116. -116. -117. -116. -116.
DIST  -116. -116. -116. -117. -118. -117. -117. -118. -118. -118.
DIST  -118. -118. -118. -118. -119. -118. -118. -117. -116. -116.
DIST  -116. -116. -115. -116. -117. -116. -116. -117. -117. -117.
DIST  -117. -117. -117. -115. -114. -114. -113. -112. -112. -112.
DIST  -110. -110. -112. -113. -112. -112. -112. -112. -112. -111.
DIST  -111. -109. -108. -107. -107. -107. -106. -107. -107. -106.
DIST  -106. -105. -106. -105. -107. -106. -106. -106. -104. -103.
DIST  -104. -103. -102. -101. -101. -100. -100. -100.  -99.  -98.
DIST   -98.  -98.  -98.  -98.  -98.  -97.  -97.  -96.  -95.  -94.
DIST   -94.  -94.  -94.  -93.  -92.  -92.  -92.  -92.  -90.  -91.
DIST   -90.  -91.  -91.  -91.  -90.  -89.  -89.  -88.  -87.  -87.
DIST   -88.  -86.  -87.  -87.  -85.  -85.  -85.  -85.  -84.  -85.
DIST   -85.  -84.  -84.  -83.  -83.  -81.  -81.  -81.  -80.  -80.
DIST   -80.  -79.  -78.  -77.  -75.  -74.  -72.  -71.  -70.  -69.
DIST   -68.  -68.  -66.  -69.  -67.  -66.  -67.  -66.  -66.  -64.
DIST   -63.  -63.  -60.  -62.  -61.  -61.  -60.  -59.  -59.  -59.
DIST   -59.  -60.  -61.  -61.  -61.  -61.  -61.  -61.  -60.  -59.
DIST   -58.  -59.  -58.  -56.  -55.  -56.  -55.  -54.  -55.  -54.
DIST   -55.  -55.  -56.  -55.  -54.  -54.  -53.  -54.  -53.  -53.
DIST   -53.  -51.  -49.  -47.  -48.  -47.  -46.  -46.  -46.  -45.
DIST   -45.  -45.  -45.  -44.  -43.  -42.  -43.  -42.  -42.  -42.
DIST   -43.  -42.  -42.  -42.  -42.  -42.  -42.  -41.  -41.  -41.
DIST   -41.  -42.  -41.  -42.  -41.  -42.  -42.  -42.  -42.  -42.
DIST   -42.  -43.  -43.  -43.  -44.  -44.  -45.  -43.  -43.  -43.
DIST   -44.  -44.  -45.  -45.  -44.  -43.  -42.  -41.  -42.  -42.
DIST   -42.  -43.  -44.  -44.  -43.  -43.  -42.  -42.  -41.  -41.
DIST   -40.  -40.  -40.  -40.  -40.  -41.  -40.  -39.  -39.  -38.
DIST   -37.  -37.  -37.  -37.  -37.  -37.  -38.  -38.  -38.  -39.
DIST   -39.  -38.  -38.  -38.  -37.  -37.  -38.  -39.  -39.  -39.
DIST   -39.  -38.  -39.  -40.  -40.  -40.  -39.  -39.  -39.  -41.
DIST   -41.  -42.  -42.  -41.  -41.  -42.  -42.  -42.  -42.  -42.
DIST   -42.  -42.  -41.  -43.  -44.  -42.  -42.  -42.  -42.  -42.
DIST   -43.  -44.  -44.  -42.  -44.  -43.  -43.  -42.  -42.  -42.
DIST   -42.  -41.  -41.  -41.  -39.  -40.  -42.  -41.  -41.  -41.
DIST   -41.  -42.  -41.  -41.  -40.  -40.  -40.  -39.  -38.  -40.
DIST   -40.  -40.  -40.  -41.  -40.  -40.  -40.  -40.  -39.  -38.
DIST   -38.  -38.  -37.  -38.  -38.  -37.  -38.  -36.  -35.  -34.
DIST   -35.  -33.  -34.  -33.  -31.  -32.  -32.  -32.  -31.  -31.
DIST   -31.  -31.  -31.  -30.  -29.  -28.  -26.  -25.  -26.  -25.
DIST   -26.  -26.  -25.  -25.  -25.  -25.  -24.  -24.  -24.  -25.
DIST   -25.  -26.  -24.  -26.  -27.  -27.  -27.  -28.  -26.  -26.
DIST   -27.  -27.  -27.  -27.  -26.  -26.  -26.  -24.  -23.  -23.
DIST   -22.  -23.  -23.  -24.  -23.  -23.  -23.  -22.  -21.  -21.
DIST   -20.  -19.  -19.  -17.  -17.  -16.  -17.  -18.  -17.  -18.
DIST   -18.  -17.  -17.  -18.  -18.  -18.  -19.  -18.  -18.  -18.
DIST   -16.  -16.  -15.  -16.  -17.  -17.  -16.  -16.  -17.  -17.
DIST   -16.  -16.  -16.  -15.  -16.  -17.
PULSEND
c **** delayed pulse
PULSBEGIN
STAT 9007 981 4.
DIST     1.    2.    5.    7.    9.   12.   13.   16.   21.   23.
DIST    26.   29.   32.   35.   38.   42.   45.   50.   54.   57.
DIST    62.   65.   70.   74.   80.   83.   89.   93.   98.  103.
DIST   108.  114.  120.  126.  132.  138.  143.  150.  157.  165.
DIST   172.  178.  185.  194.  201.  209.  218.  226.  235.  244.
DIST   254.  263.  272.  283.  294.  304.  314.  326.  338.  349.
DIST   363.  374.  387.  399.  413.  427.  440.  454.  467.  481.
DIST   496.  509.  523.  539.  552.  567.  581.  595.  610.  625.
DIST   639.  653.  668.  682.  697.  711.  724.  738.  751.  764.
DIST   777.  790.  803.  815.  827.  839.  851.  863.  874.  884.
DIST   893.  903.  912.  922.  931.  939.  946.  952.  960.  966.
DIST   972.  977.  982.  986.  989.  992.  996.  997.  999.  999.
DIST  1000. 1000.  998.  998.  997.  993.  989.  985.  982.  977.
DIST   971.  965.  959.  952.  944.  935.  928.  917.  907.  898.
DIST   887.  875.  864.  851.  839.  825.  812.  797.  783.  768.
DIST   754.  737.  723.  707.  690.  673.  657.  640.  624.  607.
DIST   590.  573.  555.  539.  521.  502.  485.  468.  449.  432.
DIST   413.  396.  378.  360.  341.  322.  304.  285.  268.  251.
DIST   234.  217.  202.  186.  172.  158.  143.  129.  116.  105.
DIST    93.   81.   71.   62.   53.   45.   37.   31.   24.   19.
DIST    15.   10.    5.    2.   -1.   -3.   -6.   -7.   -8.   -9.
DIST    -9.  -10.  -10.   -9.   -9.   -8.   -8.   -7.   -6.   -6.
DIST    -5.   -4.   -3.   -2.   -2.   -1.   -1.    0.    0.    0.
DIST    -1.    0.   -1.   -1.   -2.   -4.   -6.   -7.  -10.  -12.
DIST   -13.  -16.  -19.  -23.  -25.  -29.  -33.  -37.  -41.  -46.
DIST   -50.  -55.  -60.  -65.  -71.  -76.  -81.  -86.  -91.  -96.
DIST  -102. -107. -112. -117. -123. -127. -132. -137. -140. -145.
DIST  -149. -152. -155. -158. -161. -164. -166. -167. -170. -171.
DIST  -173. -174. -174. -176. -176. -177. -177. -177. -177. -177.
DIST  -176. -176. -175. -174. -173. -172. -171. -170. -168. -167.
DIST  -166. -164. -164. -161. -161. -160. -158. -156. -156. -154.
DIST  -155. -152. -152. -151. -151. -150. -150. -150. -150. -150.
DIST  -150. -150. -150. -150. -152. -151. -153. -155. -156. -157.
DIST  -158. -159. -162. -164. -164. -167. -168. -169. -172. -174.
DIST  -177. -178. -179. -181. -182. -185. -186. -188. -190. -191.
DIST  -192. -193. -195. -196. -198. -198. -198. -199. -200. -201.
DIST  -201. -200. -201. -201. -201. -200. -200. -200. -199. -198.
DIST  -198. -197. -196. -195. -193. -193. -191. -190. -188. -187.
DIST  -186. -184. -183. -182. -178. -177. -175. -174. -172. -171.
DIST  -168. -166. -165. -164. -161. -161. -159. -158. -157. -155.
DIST  -154. -152. -152. -151. -149. -148. -148. -147. -146. -146.
DIST  -144. -145. -144. -143. -143. -143. -142. -142. -141. -141.
DIST  -141. -141. -141. -139. -139. -139. -140. -138. -138. -138.
DIST  -138. -137. -137. -136. -134. -134. -134. -133. -132. -131.
DIST  -130. -129. -128. -127. -125. -124. -123. -121. -121. -119.
DIST  -117. -116. -116. -113. -112. -110. -109. -108. -106. -106.
DIST  -104. -103. -101. -101. -100.  -99.  -97.  -97.  -96.  -96.
DIST   -95.  -94.  -94.  -95.  -93.  -94.  -94.  -94.  -95.  -95.
DIST   -95.  -97.  -96.  -97.  -99.  -99.  -99. -101. -103. -104.
DIST  -104. -105. -107. -109. -109. -111. -112. -113. -115. -116.
DIST  -117. -118. -119. -121. -122. -124. -123. -125. -125. -125.
DIST  -126. -128. -128. -128. -129. -128. -128. -129. -130. -128.
DIST  -128. -128. -128. -127. -126. -125. -125. -125. -123. -121.
DIST  -121. -119. -119. -117. -116. -115. -114. -112. -111. -109.
DIST  -108. -106. -106. -104. -102. -101.  -99.  -98.  -97.  -95.
DIST   -94.  -93.  -91.  -90.  -89.  -88.  -88.  -86.  -86.  -85.
DIST   -84.  -83.  -82.  -82.  -82.  -81.  -82.  -81.  -81.  -80.
DIST   -80.  -80.  -80.  -80.  -80.  -81.  -80.  -80.  -80.  -81.
DIST   -81.  -81.  -81.  -82.  -83.  -83.  -83.  -83.  -83.  -84.
DIST   -84.  -85.  -85.  -85.  -86.  -86.  -86.  -86.  -86.  -87.
DIST   -87.  -87.  -87.  -88.  -88.  -88.  -87.  -86.  -88.  -87.
DIST   -88.  -88.  -87.  -87.  -87.  -86.  -87.  -86.  -86.  -86.
DIST   -85.  -86.  -86.  -86.  -85.  -85.  -85.  -85.  -84.  -84.
DIST   -85.  -83.  -84.  -83.  -83.  -83.  -83.  -82.  -82.  -82.
DIST   -81.  -82.  -81.  -82.  -81.  -81.  -80.  -80.  -79.  -79.
DIST   -78.  -78.  -78.  -78.  -77.  -76.  -76.  -76.  -74.  -74.
DIST   -74.  -74.  -73.  -72.  -71.  -72.  -71.  -70.  -70.  -69.
DIST   -70.  -68.  -67.  -67.  -66.  -66.  -65.  -64.  -64.  -63.
DIST   -62.  -62.  -62.  -61.  -60.  -59.  -60.  -59.  -59.  -58.
DIST   -59.  -58.  -58.  -57.  -57.  -58.  -58.  -57.  -58.  -57.
DIST   -56.  -57.  -57.  -57.  -57.  -57.  -57.  -58.  -59.  -58.
DIST   -59.  -58.  -59.  -59.  -60.  -60.  -60.  -60.  -60.  -61.
DIST   -61.  -61.  -61.  -61.  -62.  -62.  -62.  -62.  -62.  -62.
DIST   -62.  -63.  -61.  -62.  -63.  -61.  -62.  -63.  -62.  -61.
DIST   -61.  -61.  -60.  -60.  -60.  -59.  -58.  -58.  -57.  -57.
DIST   -58.  -56.  -55.  -55.  -54.  -55.  -54.  -53.  -52.  -52.
DIST   -51.  -51.  -51.  -50.  -50.  -49.  -49.  -49.  -48.  -47.
DIST   -48.  -47.  -47.  -47.  -48.  -48.  -48.  -48.  -48.  -47.
DIST   -48.  -48.  -49.  -48.  -48.  -49.  -49.  -49.  -50.  -49.
DIST   -50.  -51.  -51.  -51.  -51.  -53.  -53.  -54.  -53.  -54.
DIST   -55.  -56.  -56.  -56.  -57.  -57.  -57.  -57.  -59.  -57.
DIST   -59.  -59.  -58.  -58.  -58.  -59.  -59.  -59.  -59.  -59.
DIST   -59.  -58.  -59.  -58.  -58.  -57.  -58.  -57.  -57.  -56.
DIST   -56.  -55.  -55.  -53.  -53.  -54.  -52.  -52.  -51.  -51.
DIST   -50.  -49.  -49.  -48.  -48.  -48.  -46.  -47.  -47.  -46.
DIST   -45.  -45.  -44.  -44.  -44.  -44.  -43.  -42.  -43.  -43.
DIST   -42.  -42.  -41.  -42.  -42.  -42.  -42.  -43.  -43.  -43.
DIST   -43.  -42.  -42.  -43.  -42.  -43.  -43.  -44.  -43.  -43.
DIST   -43.  -43.  -44.  -44.  -45.  -44.  -44.  -44.  -44.  -44.
DIST   -44.  -44.  -44.  -43.  -44.  -44.  -43.  -43.  -43.  -42.
DIST   -42.  -42.  -40.  -41.  -40.  -39.  -39.  -39.  -37.  -37.
DIST   -36.  -36.  -34.  -33.  -34.  -32.  -31.  -30.  -30.  -29.
DIST   -28.  -26.  -27.  -26.  -25.  -24.  -23.  -22.  -22.  -22.
DIST   -21.  -20.  -21.  -19.  -18.  -18.  -18.  -17.  -16.  -16.
DIST   -16.  -17.  -16.  -16.  -15.  -15.  -15.  -16.  -16.  -16.
DIST   -16.  -17.  -17.  -18.  -18.  -18.  -19.  -19.  -19.  -20.
DIST   -22.  -20.  -22.  -23.  -22.  -23.  -24.  -25.  -26.  -27.
DIST   -28.  -28.  -29.  -30.  -30.  -31.  -30.  -31.  -31.  -32.
DIST   -34.
PULSEND
c
c **** standard hybrid for strings 11-13:optical taken from 11-17
c **** measured 2/2001
c **** Pulse rebinned by Paolo Desiati from 351 0.2 to 36 2.
c **** prompt pulse
PULSBEGIN
STAT 8 36 2.
DIST    7.   14.   56.  218.  543.  884.  1000.  966.  911.  839.
DIST  731.  620.  534.  467.  398.  337.   289.  246.  200.  162.
DIST  131.  105.   82.   67.   56.   50.    37.   28.   21.   17.
DIST   16.   14.   12.    7.    3.   -1.
PULSEND
c **** delayed pulse
PULSBEGIN
STAT 9008 830 2.
DIST     4.   11.   18.   27.   35.   44.   50.   60.   69.   79.
DIST    87.   96.  105.  116.  127.  138.  149.  159.  170.  183.
DIST   193.  207.  218.  232.  244.  257.  270.  282.  297.  310.
DIST   325.  338.  352.  369.  381.  397.  411.  425.  442.  457.
DIST   473.  487.  503.  521.  533.  548.  565.  577.  593.  606.
DIST   621.  633.  648.  661.  674.  689.  702.  715.  727.  739.
DIST   751.  764.  775.  788.  797.  810.  821.  831.  841.  851.
DIST   862.  872.  881.  891.  899.  907.  916.  924.  930.  939.
DIST   947.  954.  957.  964.  970.  972.  978.  983.  984.  987.
DIST   991.  991.  995.  998.  999.  999. 1000.  998.  998.  997.
DIST   994.  995.  992.  990.  988.  983.  980.  974.  969.  964.
DIST   958.  954.  949.  941.  935.  927.  921.  911.  904.  895.
DIST   885.  875.  867.  856.  843.  832.  823.  812.  799.  787.
DIST   774.  762.  749.  736.  721.  710.  695.  681.  666.  650.
DIST   638.  623.  607.  592.  578.  565.  547.  533.  516.  501.
DIST   488.  470.  456.  440.  423.  406.  388.  373.  356.  337.
DIST   322.  303.  287.  271.  253.  238.  222.  205.  190.  175.
DIST   159.  143.  130.  116.  104.   88.   75.   63.   50.   38.
DIST    25.   14.    2.   -6.  -19.  -29.  -38.  -47.  -55.  -65.
DIST   -71.  -79.  -88.  -95. -102. -107. -113. -118. -124. -130.
DIST  -134. -138. -141. -143. -148. -151. -153. -155. -158. -157.
DIST  -161. -159. -160. -161. -160. -163. -161. -159. -159. -156.
DIST  -156. -154. -154. -152. -151. -147. -143. -143. -140. -137.
DIST  -134. -132. -130. -127. -124. -119. -116. -114. -110. -105.
DIST  -104. -100.  -97.  -95.  -91.  -89.  -84.  -81.  -78.  -75.
DIST   -71.  -68.  -66.  -64.  -61.  -58.  -56.  -53.  -50.  -49.
DIST   -46.  -44.  -42.  -40.  -38.  -36.  -35.  -35.  -33.  -32.
DIST   -29.  -29.  -30.  -27.  -27.  -27.  -27.  -23.  -25.  -23.
DIST   -24.  -25.  -25.  -25.  -26.  -28.  -25.  -27.  -28.  -27.
DIST   -30.  -29.  -31.  -31.  -33.  -34.  -36.  -36.  -37.  -40.
DIST   -41.  -43.  -43.  -43.  -48.  -49.  -50.  -51.  -54.  -55.
DIST   -56.  -59.  -61.  -63.  -65.  -65.  -67.  -70.  -70.  -73.
DIST   -75.  -78.  -78.  -81.  -81.  -84.  -84.  -87.  -90.  -90.
DIST   -91.  -92.  -94.  -96.  -98.  -99. -100. -104. -101. -102.
DIST  -106. -107. -109. -108. -110. -112. -111. -111. -112. -113.
DIST  -114. -115. -116. -116. -117. -115. -118. -117. -117. -120.
DIST  -119. -121. -119. -120. -119. -119. -119. -119. -119. -118.
DIST  -119. -118. -118. -118. -119. -117. -118. -116. -115. -114.
DIST  -117. -113. -112. -112. -111. -109. -107. -108. -107. -108.
DIST  -104. -104. -103. -101. -100.  -98.  -97.  -96.  -95.  -93.
DIST   -92.  -90.  -89.  -87.  -84.  -83.  -82.  -81.  -80.  -76.
DIST   -76.  -74.  -74.  -71.  -69.  -69.  -67.  -65.  -65.  -61.
DIST   -61.  -59.  -58.  -56.  -55.  -56.  -53.  -54.  -50.  -50.
DIST   -47.  -49.  -46.  -43.  -43.  -42.  -40.  -39.  -39.  -38.
DIST   -37.  -37.  -35.  -35.  -34.  -33.  -33.  -32.  -33.  -30.
DIST   -34.  -32.  -31.  -31.  -32.  -31.  -31.  -33.  -31.  -31.
DIST   -33.  -32.  -32.  -33.  -35.  -35.  -35.  -35.  -37.  -36.
DIST   -37.  -37.  -40.  -41.  -41.  -41.  -41.  -42.  -42.  -46.
DIST   -44.  -48.  -46.  -49.  -48.  -48.  -49.  -52.  -52.  -52.
DIST   -54.  -55.  -55.  -55.  -56.  -59.  -58.  -59.  -58.  -58.
DIST   -61.  -60.  -63.  -61.  -61.  -61.  -61.  -62.  -62.  -61.
DIST   -64.  -62.  -62.  -60.  -62.  -59.  -61.  -59.  -57.  -61.
DIST   -58.  -56.  -56.  -55.  -56.  -54.  -52.  -52.  -50.  -49.
DIST   -47.  -46.  -47.  -45.  -42.  -41.  -37.  -37.  -35.  -36.
DIST   -34.  -33.  -29.  -25.  -26.  -24.  -23.  -20.  -17.  -16.
DIST   -15.  -14.  -12.   -9.  -10.   -6.   -6.   -4.   -1.   -2.
DIST     2.    3.    5.    4.    6.    7.   11.   11.   13.   12.
DIST    14.   12.   13.   15.   17.   18.   20.   20.   19.   19.
DIST    19.   20.   20.   19.   20.   21.   19.   20.   20.   20.
DIST    19.   19.   17.   19.   15.   15.   14.   13.   14.   11.
DIST    11.   10.    8.    6.    6.    4.    4.    2.    0.   -1.
DIST    -2.   -4.   -5.   -7.   -8.  -11.  -12.  -14.  -16.  -15.
DIST   -18.  -19.  -21.  -23.  -24.  -27.  -27.  -27.  -29.  -29.
DIST   -31.  -33.  -35.  -38.  -35.  -38.  -36.  -38.  -39.  -40.
DIST   -39.  -42.  -40.  -43.  -41.  -44.  -43.  -45.  -44.  -45.
DIST   -43.  -46.  -44.  -44.  -44.  -45.  -44.  -44.  -44.  -43.
DIST   -40.  -41.  -41.  -42.  -40.  -38.  -39.  -39.  -38.  -37.
DIST   -36.  -34.  -35.  -31.  -31.  -32.  -30.  -29.  -28.  -28.
DIST   -26.  -27.  -26.  -25.  -24.  -23.  -21.  -22.  -20.  -20.
DIST   -20.  -20.  -19.  -17.  -16.  -17.  -15.  -16.  -15.  -13.
DIST   -15.  -16.  -15.  -15.  -15.  -15.  -14.  -15.  -15.  -14.
DIST   -16.  -16.  -15.  -14.  -17.  -18.  -15.  -20.  -17.  -19.
DIST   -19.  -20.  -21.  -21.  -23.  -22.  -24.  -24.  -26.  -27.
DIST   -28.  -31.  -27.  -30.  -33.  -31.  -34.  -33.  -37.  -37.
DIST   -39.  -39.  -39.  -41.  -42.  -43.  -44.  -44.  -47.  -47.
DIST   -46.  -48.  -49.  -49.  -51.  -50.  -49.  -51.  -52.  -53.
DIST   -52.  -55.  -53.  -53.  -55.  -54.  -54.  -55.  -54.  -55.
DIST   -53.  -52.  -52.  -54.  -52.  -51.  -52.  -51.  -52.  -51.
DIST   -49.  -47.  -48.  -49.  -47.  -47.  -45.  -44.  -44.  -43.
DIST   -40.  -41.  -38.  -36.  -36.  -35.  -33.  -33.  -32.  -31.
DIST   -29.  -28.  -28.  -24.  -25.  -24.  -21.  -21.  -19.  -18.
DIST   -19.  -16.  -13.  -15.  -13.   -9.  -10.  -10.   -8.   -7.
DIST    -6.   -6.   -4.   -2.   -2.   -1.    0.   -1.    1.    1.
PULSEND
c 
c **** standard hybrid for strings 14-19:electrical taken from OM 17-07
c **** measured 2/2001
c **** pulse fitted with a function and recalculated in an effort to reduce
c **** the fine structure
c **** prompt pulse
PULSBEGIN
STAT 9 2091 4.
DIST 11. 42. 73. 103. 133. 163. 193. 222. 251. 279.
DIST 307. 335. 363. 390. 417. 443. 469. 495. 520. 545.
DIST 570. 595. 619. 643. 666. 689. 712. 734. 756. 778.
DIST 799. 820. 841. 861. 882. 901. 921. 940. 958. 977.
DIST 995. 1000. 993. 986. 979. 972. 965. 959. 952. 945.
DIST 938. 932. 925. 919. 912. 906. 899. 893. 886. 880.
DIST 874. 867. 861. 855. 848. 842. 836. 830. 824. 818.
DIST 812. 806. 800. 794. 788. 782. 777. 771. 765. 759.
DIST 754. 748. 742. 737. 731. 726. 720. 715. 709. 704.
DIST 698. 693. 688. 682. 677. 672. 667. 662. 656. 651.
DIST 646. 641. 636. 631. 626. 621. 616. 611. 607. 602.
DIST 597. 592. 587. 583. 578. 573. 569. 564. 560. 555.
DIST 550. 546. 541. 537. 533. 528. 524. 519. 515. 511.
DIST 507. 502. 498. 494. 490. 486. 481. 477. 473. 469.
DIST 465. 461. 457. 453. 449. 445. 442. 438. 434. 430.
DIST 426. 422. 419. 415. 411. 408. 404. 400. 397. 393.
DIST 390. 386. 383. 379. 376. 372. 369. 365. 362. 359.
DIST 355. 352. 349. 345. 342. 339. 336. 332. 329. 326.
DIST 323. 320. 317. 314. 310. 307. 304. 301. 298. 295.
DIST 293. 290. 287. 284. 281. 278. 275. 272. 270. 267.
DIST 264. 261. 259. 256. 253. 251. 248. 245. 243. 240.
DIST 238. 235. 233. 230. 227. 225. 223. 220. 218. 215.
DIST 213. 210. 208. 206. 203. 201. 199. 196. 194. 192.
DIST 190. 187. 185. 183. 181. 179. 177. 174. 172. 170.
DIST 168. 166. 164. 162. 160. 158. 156. 154. 152. 150.
DIST 148. 146. 144. 142. 140. 138. 137. 135. 133. 131.
DIST 129. 128. 126. 124. 122. 121. 119. 117. 115. 114.
DIST 112. 110. 109. 107. 105. 104. 102. 101. 99. 98.
DIST 96. 94. 93. 91. 90. 88. 87. 85. 84. 83.
DIST 81. 80. 78. 77. 75. 74. 73. 71. 70. 69.
DIST 67. 66. 65. 63. 62. 61. 60. 58. 57. 56.
DIST 55. 54. 52. 51. 50. 49. 48. 46. 45. 44.
DIST 43. 42. 41. 40. 39. 38. 37. 36. 34. 33.
DIST 32. 31. 30. 29. 28. 27. 26. 25. 25. 24.
DIST 23. 22. 21. 20. 19. 18. 17. 16. 15. 15.
DIST 14. 13. 12. 11. 10. 9. 9. 8. 7. 6.
DIST 5. 5. 4. 3. 2. 2. 1. 0. -1. -1.
DIST -2. -3. -3. -4. -5. -5. -6. -7. -7. -8.
DIST -9. -9. -10. -11. -11. -12. -12. -13. -14. -14.
DIST -15. -15. -16. -17. -17. -18. -18. -19. -19. -20.
DIST -20. -21. -21. -22. -22. -23. -23. -24. -24. -25.
DIST -25. -26. -26. -27. -27. -28. -28. -28. -29. -29.
DIST -30. -30. -31. -31. -31. -32. -32. -33. -33. -33.
DIST -34. -34. -34. -35. -35. -36. -36. -36. -37. -37.
DIST -37. -38. -38. -38. -39. -39. -39. -39. -40. -40.
DIST -40. -41. -41. -41. -41. -42. -42. -42. -43. -43.
DIST -43. -43. -44. -44. -44. -44. -45. -45. -45. -45.
DIST -46. -46. -46. -46. -46. -47. -47. -47. -47. -47.
DIST -48. -48. -48. -48. -48. -49. -49. -49. -49. -49.
DIST -50. -50. -50. -50. -50. -50. -51. -51. -51. -51.
DIST -51. -51. -51. -52. -52. -52. -52. -52. -52. -52.
DIST -53. -53. -53. -53. -53. -53. -53. -53. -53. -54.
DIST -54. -54. -54. -54. -54. -54. -54. -54. -54. -55.
DIST -55. -55. -55. -55. -55. -55. -55. -55. -55. -55.
DIST -56. -56. -56. -56. -56. -56. -56. -56. -56. -56.
DIST -56. -56. -56. -56. -56. -57. -57. -57. -57. -57.
DIST -57. -57. -57. -57. -57. -57. -57. -57. -57. -57.
DIST -57. -57. -57. -57. -58. -58. -58. -58. -58. -58.
DIST -58. -58. -58. -58. -58. -58. -58. -58. -58. -58.
DIST -58. -58. -58. -58. -58. -58. -58. -58. -58. -58.
DIST -58. -58. -58. -59. -59. -59. -59. -59. -59. -59.
DIST -59. -59. -59. -59. -59. -59. -59. -59. -59. -59.
DIST -59. -59. -59. -59. -59. -59. -59. -59. -59. -59.
DIST -59. -59. -59. -59. -59. -59. -59. -59. -59. -59.
DIST -59. -59. -59. -59. -59. -60. -60. -60. -60. -60.
DIST -60. -60. -60. -60. -60. -60. -60. -60. -60. -60.
DIST -60. -60. -60. -60. -60. -60. -60. -60. -60. -60.
DIST -60. -60. -60. -60. -60. -60. -60. -60. -60. -60.
DIST -60. -60. -61. -61. -61. -61. -61. -61. -61. -61.
DIST -61. -61. -61. -61. -61. -61. -61. -61. -61. -61.
DIST -61. -61. -61. -61. -61. -61. -61. -61. -61. -62.
DIST -62. -62. -62. -62. -62. -62. -62. -62. -62. -62.
DIST -62. -62. -62. -62. -62. -62. -62. -62. -62. -63.
DIST -63. -63. -63. -63. -63. -63. -63. -63. -63. -63.
DIST -63. -63. -63. -63. -63. -63. -64. -64. -64. -64.
DIST -64. -64. -64. -64. -64. -64. -64. -64. -64. -64.
DIST -64. -65. -65. -65. -65. -65. -65. -65. -65. -65.
DIST -65. -65. -65. -65. -66. -66. -66. -66. -66. -66.
DIST -66. -66. -66. -66. -66. -66. -67. -67. -67. -67.
DIST -67. -67. -67. -67. -67. -67. -67. -68. -68. -68.
DIST -68. -68. -68. -68. -68. -68. -68. -69. -69. -69.
DIST -69. -69. -69. -69. -69. -69. -69. -70. -70. -70.
DIST -70. -70. -70. -70. -70. -70. -71. -71. -71. -71.
DIST -71. -71. -71. -71. -71. -72. -72. -72. -72. -72.
DIST -72. -72. -72. -72. -73. -73. -73. -73. -73. -73.
DIST -73. -73. -74. -74. -74. -74. -74. -74. -74. -74.
DIST -75. -75. -75. -75. -75. -75. -75. -75. -76. -76.
DIST -76. -76. -76. -76. -76. -77. -77. -77. -77. -77.
DIST -77. -77. -77. -78. -78. -78. -78. -78. -78. -78.
DIST -79. -79. -79. -79. -79. -79. -79. -80. -80. -80.
DIST -80. -80. -80. -80. -81. -81. -81. -81. -81. -81.
DIST -81. -82. -82. -82. -82. -82. -82. -82. -83. -83.
DIST -83. -83. -83. -83. -84. -84. -84. -84. -84. -84.
DIST -84. -85. -85. -85. -85. -85. -85. -85. -86. -86.
DIST -86. -86. -86. -86. -87. -87. -87. -87. -87. -87.
DIST -87. -88. -88. -88. -88. -88. -88. -89. -89. -89.
DIST -89. -89. -89. -89. -90. -90. -90. -90. -90. -90.
DIST -91. -91. -91. -91. -91. -91. -91. -92. -92. -92.
DIST -92. -92. -92. -92. -93. -93. -93. -93. -93. -93.
DIST -94. -94. -94. -94. -94. -94. -94. -95. -95. -95.
DIST -95. -95. -95. -96. -96. -96. -96. -96. -96. -96.
DIST -97. -97. -97. -97. -97. -97. -97. -98. -98. -98.
DIST -98. -98. -98. -99. -99. -99. -99. -99. -99. -99.
DIST -100. -100. -100. -100. -100. -100. -100. -101. -101. -101.
DIST -101. -101. -101. -101. -102. -102. -102. -102. -102. -102.
DIST -102. -103. -103. -103. -103. -103. -103. -103. -103. -104.
DIST -104. -104. -104. -104. -104. -104. -105. -105. -105. -105.
DIST -105. -105. -105. -105. -106. -106. -106. -106. -106. -106.
DIST -106. -106. -107. -107. -107. -107. -107. -107. -107. -107.
DIST -108. -108. -108. -108. -108. -108. -108. -108. -109. -109.
DIST -109. -109. -109. -109. -109. -109. -109. -110. -110. -110.
DIST -110. -110. -110. -110. -110. -110. -111. -111. -111. -111.
DIST -111. -111. -111. -111. -111. -111. -112. -112. -112. -112.
DIST -112. -112. -112. -112. -112. -112. -112. -113. -113. -113.
DIST -113. -113. -113. -113. -113. -113. -113. -113. -114. -114.
DIST -114. -114. -114. -114. -114. -114. -114. -114. -114. -114.
DIST -114. -115. -115. -115. -115. -115. -115. -115. -115. -115.
DIST -115. -115. -115. -115. -115. -116. -116. -116. -116. -116.
DIST -116. -116. -116. -116. -116. -116. -116. -116. -116. -116.
DIST -116. -116. -116. -117. -117. -117. -117. -117. -117. -117.
DIST -117. -117. -117. -117. -117. -117. -117. -117. -117. -117.
DIST -117. -117. -117. -117. -117. -117. -117. -117. -117. -117.
DIST -117. -118. -118. -118. -118. -118. -118. -118. -118. -118.
DIST -118. -118. -118. -118. -118. -118. -118. -118. -118. -118.
DIST -118. -118. -118. -118. -118. -118. -118. -118. -118. -118.
DIST -118. -118. -118. -118. -118. -118. -118. -118. -118. -118.
DIST -118. -118. -118. -118. -118. -118. -118. -118. -118. -118.
DIST -118. -118. -118. -117. -117. -117. -117. -117. -117. -117.
DIST -117. -117. -117. -117. -117. -117. -117. -117. -117. -117.
DIST -117. -117. -117. -117. -117. -117. -117. -117. -117. -117.
DIST -116. -116. -116. -116. -116. -116. -116. -116. -116. -116.
DIST -116. -116. -116. -116. -116. -116. -116. -116. -115. -115.
DIST -115. -115. -115. -115. -115. -115. -115. -115. -115. -115.
DIST -115. -115. -114. -114. -114. -114. -114. -114. -114. -114.
DIST -114. -114. -114. -114. -113. -113. -113. -113. -113. -113.
DIST -113. -113. -113. -113. -112. -112. -112. -112. -112. -112.
DIST -112. -112. -112. -112. -111. -111. -111. -111. -111. -111.
DIST -111. -111. -111. -110. -110. -110. -110. -110. -110. -110.
DIST -110. -110. -109. -109. -109. -109. -109. -109. -109. -109.
DIST -108. -108. -108. -108. -108. -108. -108. -107. -107. -107.
DIST -107. -107. -107. -107. -107. -106. -106. -106. -106. -106.
DIST -106. -106. -105. -105. -105. -105. -105. -105. -105. -104.
DIST -104. -104. -104. -104. -104. -103. -103. -103. -103. -103.
DIST -103. -103. -102. -102. -102. -102. -102. -102. -101. -101.
DIST -101. -101. -101. -101. -100. -100. -100. -100. -100. -100.
DIST -99. -99. -99. -99. -99. -99. -98. -98. -98. -98.
DIST -98. -98. -97. -97. -97. -97. -97. -96. -96. -96.
DIST -96. -96. -96. -95. -95. -95. -95. -95. -94. -94.
DIST -94. -94. -94. -94. -93. -93. -93. -93. -93. -92.
DIST -92. -92. -92. -92. -91. -91. -91. -91. -91. -90.
DIST -90. -90. -90. -90. -90. -89. -89. -89. -89. -89.
DIST -88. -88. -88. -88. -88. -87. -87. -87. -87. -87.
DIST -86. -86. -86. -86. -86. -85. -85. -85. -85. -85.
DIST -84. -84. -84. -84. -84. -83. -83. -83. -83. -82.
DIST -82. -82. -82. -82. -81. -81. -81. -81. -81. -80.
DIST -80. -80. -80. -80. -79. -79. -79. -79. -79. -78.
DIST -78. -78. -78. -78. -77. -77. -77. -77. -77. -76.
DIST -76. -76. -76. -75. -75. -75. -75. -75. -74. -74.
DIST -74. -74. -74. -73. -73. -73. -73. -73. -72. -72.
DIST -72. -72. -72. -71. -71. -71. -71. -71. -70. -70.
DIST -70. -70. -69. -69. -69. -69. -69. -68. -68. -68.
DIST -68. -68. -67. -67. -67. -67. -67. -66. -66. -66.
DIST -66. -66. -65. -65. -65. -65. -65. -64. -64. -64.
DIST -64. -64. -63. -63. -63. -63. -63. -62. -62. -62.
DIST -62. -62. -61. -61. -61. -61. -61. -60. -60. -60.
DIST -60. -60. -60. -59. -59. -59. -59. -59. -58. -58.
DIST -58. -58. -58. -57. -57. -57. -57. -57. -56. -56.
DIST -56. -56. -56. -56. -55. -55. -55. -55. -55. -54.
DIST -54. -54. -54. -54. -54. -53. -53. -53. -53. -53.
DIST -53. -52. -52. -52. -52. -52. -52. -51. -51. -51.
DIST -51. -51. -51. -50. -50. -50. -50. -50. -50. -49.
DIST -49. -49. -49. -49. -49. -48. -48. -48. -48. -48.
DIST -48. -48. -47. -47. -47. -47. -47. -47. -46. -46.
DIST -46. -46. -46. -46. -46. -45. -45. -45. -45. -45.
DIST -45. -45. -45. -44. -44. -44. -44. -44. -44. -44.
DIST -43. -43. -43. -43. -43. -43. -43. -43. -42. -42.
DIST -42. -42. -42. -42. -42. -42. -41. -41. -41. -41.
DIST -41. -41. -41. -41. -41. -40. -40. -40. -40. -40.
DIST -40. -40. -40. -40. -40. -39. -39. -39. -39. -39.
DIST -39. -39. -39. -39. -39. -38. -38. -38. -38. -38.
DIST -38. -38. -38. -38. -38. -38. -38. -37. -37. -37.
DIST -37. -37. -37. -37. -37. -37. -37. -37. -37. -37.
DIST -37. -36. -36. -36. -36. -36. -36. -36. -36. -36.
DIST -36. -36. -36. -36. -36. -36. -36. -36. -36. -35.
DIST -35. -35. -35. -35. -35. -35. -35. -35. -35. -35.
DIST -35. -35. -35. -35. -35. -35. -35. -35. -35. -35.
DIST -35. -35. -35. -35. -35. -35. -34. -34. -34. -34.
DIST -34. -34. -34. -34. -34. -34. -34. -34. -34. -34.
DIST -34. -34. -34. -34. -34. -34. -34. -34. -34. -34.
DIST -34. -34. -34. -34. -34. -34. -34. -34. -34. -34.
DIST -34. -34. -34. -34. -34. -34. -34. -34. -34. -34.
DIST -34. -34. -34. -34. -34. -34. -34. -34. -34. -34.
DIST -34. -34. -34. -35. -35. -35. -35. -35. -35. -35.
DIST -35. -35. -35. -35. -35. -35. -35. -35. -35. -35.
DIST -35. -35. -35. -35. -35. -35. -35. -35. -35. -35.
DIST -35. -35. -35. -35. -35. -35. -36. -36. -36. -36.
DIST -36. -36. -36. -36. -36. -36. -36. -36. -36. -36.
DIST -36. -36. -36. -36. -36. -36. -36. -36. -36. -37.
DIST -37. -37. -37. -37. -37. -37. -37. -37. -37. -37.
DIST -37. -37. -37. -37. -37. -37. -37. -37. -37. -37.
DIST -37. -38. -38. -38. -38. -38. -38. -38. -38. -38.
DIST -38. -38. -38. -38. -38. -38. -38. -38. -38. -38.
DIST -38. -38. -38. -38. -38. -39. -39. -39. -39. -39.
DIST -39. -39. -39. -39. -39. -39. -39. -39. -39. -39.
DIST -39. -39. -39. -39. -39. -39. -39. -39. -39. -39.
DIST -39. -39. -39. -39. -39. -39. -39. -39. -39. -39.
DIST -39. -39. -39. -39. -39. -39. -39. -39. -39. -39.
DIST -39. -39. -39. -39. -39. -39. -39. -39. -39. -39.
DIST -39. -39. -39. -39. -39. -39. -39. -39. -39. -39.
DIST -39.
PULSEND
c **** delayed pulse
PULSBEGIN
STAT 9009 866 4.
DIST    -1.   -4.   -3.   -2.   -4.   -2.   -3.   -4.   -3.   -3.
DIST    -4.   -4.   -5.   -5.   -4.   -3.   -4.   -5.   -6.   -5.
DIST    -6.   -5.   -6.   -6.   -8.   -5.   -7.   -7.   -7.   -6.
DIST    -6.   -7.   -8.   -7.   -7.   -7.   -8.   -7.   -8.   -8.
DIST    -6.   -6.   -8.   -7.   -7.   -7.   -6.   -5.   -5.   -4.
DIST    -4.   -4.   -4.   -4.   -3.   -2.   -3.   -1.   -1.    0.
DIST     1.    3.    2.    4.    4.    6.    7.    7.    9.   10.
DIST    11.   12.   13.   15.   18.   19.   20.   21.   23.   25.
DIST    26.   29.   31.   32.   34.   37.   40.   42.   45.   46.
DIST    50.   52.   53.   56.   60.   63.   65.   68.   71.   74.
DIST    78.   82.   85.   89.   93.   96.   99.  105.  109.  114.
DIST   119.  122.  126.  130.  136.  141.  147.  151.  158.  163.
DIST   170.  176.  182.  188.  195.  203.  209.  216.  223.  230.
DIST   238.  245.  253.  261.  270.  278.  288.  296.  304.  314.
DIST   323.  333.  343.  352.  363.  373.  384.  394.  405.  416.
DIST   425.  438.  448.  461.  471.  484.  496.  507.  519.  534.
DIST   546.  556.  569.  582.  594.  608.  620.  632.  645.  657.
DIST   671.  682.  695.  708.  720.  733.  745.  757.  770.  780.
DIST   793.  804.  815.  826.  838.  849.  860.  869.  880.  889.
DIST   899.  908.  917.  926.  935.  943.  949.  957.  964.  969.
DIST   975.  981.  986.  990.  992.  995.  997.  998.  998. 1000.
DIST   996.  995.  995.  992.  990.  986.  982.  979.  973.  969.
DIST   963.  957.  951.  945.  937.  930.  924.  916.  909.  899.
DIST   891.  882.  873.  865.  855.  847.  837.  826.  817.  806.
DIST   797.  788.  778.  766.  757.  749.  739.  728.  720.  709.
DIST   700.  692.  681.  674.  664.  656.  647.  638.  631.  624.
DIST   615.  608.  601.  593.  587.  579.  573.  566.  562.  557.
DIST   550.  545.  539.  535.  530.  528.  524.  520.  516.  513.
DIST   510.  506.  503.  501.  499.  496.  496.  493.  489.  489.
DIST   486.  484.  481.  481.  480.  479.  476.  473.  472.  470.
DIST   470.  466.  466.  463.  460.  460.  457.  455.  455.  451.
DIST   448.  447.  444.  442.  439.  437.  435.  431.  429.  426.
DIST   423.  421.  417.  415.  411.  408.  405.  402.  399.  395.
DIST   392.  389.  386.  382.  378.  374.  371.  368.  364.  360.
DIST   356.  352.  350.  345.  341.  338.  335.  329.  326.  322.
DIST   319.  316.  313.  309.  306.  301.  298.  295.  292.  289.
DIST   286.  281.  277.  275.  272.  270.  266.  262.  259.  254.
DIST   254.  250.  247.  245.  242.  239.  235.  233.  230.  227.
DIST   224.  222.  219.  217.  214.  211.  209.  205.  204.  199.
DIST   198.  195.  191.  188.  187.  182.  181.  180.  176.  172.
DIST   170.  168.  165.  162.  161.  156.  154.  152.  148.  145.
DIST   144.  141.  138.  135.  132.  130.  125.  125.  122.  119.
DIST   116.  114.  111.  109.  104.  103.   99.   98.   95.   92.
DIST    90.   87.   85.   82.   80.   78.   74.   73.   69.   67.
DIST    66.   63.   62.   60.   59.   56.   55.   53.   51.   47.
DIST    48.   47.   45.   44.   42.   41.   39.   38.   36.   34.
DIST    34.   34.   31.   30.   30.   28.   28.   26.   23.   24.
DIST    23.   21.   20.   21.   19.   17.   14.   16.   14.   15.
DIST    13.   12.   13.   12.    9.   10.   10.    8.    6.    7.
DIST     7.    4.    4.    5.    1.    2.    2.    2.    1.    0.
DIST    -1.   -2.   -2.   -3.   -2.   -3.   -3.   -3.   -5.   -5.
DIST    -5.   -6.   -5.   -6.   -5.   -8.   -8.   -6.   -7.   -8.
DIST    -8.   -8.   -9.   -9.  -10.   -8.   -8.  -10.  -10.  -10.
DIST    -9.   -9.  -10.  -11.  -10.   -9.  -11.  -10.  -11.  -10.
DIST   -11.  -12.  -12.  -10.  -13.  -10.  -12.  -12.  -11.  -12.
DIST   -12.  -12.  -13.  -14.  -13.  -14.  -14.  -14.  -16.  -14.
DIST   -15.  -16.  -16.  -18.  -17.  -18.  -18.  -19.  -20.  -21.
DIST   -21.  -21.  -22.  -23.  -24.  -24.  -26.  -27.  -27.  -28.
DIST   -29.  -29.  -29.  -31.  -31.  -33.  -33.  -34.  -35.  -36.
DIST   -36.  -37.  -38.  -39.  -40.  -40.  -41.  -42.  -42.  -43.
DIST   -43.  -45.  -45.  -46.  -46.  -46.  -47.  -47.  -47.  -48.
DIST   -49.  -49.  -49.  -50.  -49.  -50.  -49.  -50.  -49.  -50.
DIST   -52.  -51.  -49.  -50.  -51.  -51.  -50.  -52.  -50.  -50.
DIST   -50.  -50.  -51.  -51.  -51.  -49.  -50.  -50.  -50.  -50.
DIST   -49.  -49.  -48.  -49.  -47.  -49.  -49.  -47.  -47.  -47.
DIST   -48.  -48.  -46.  -47.  -45.  -46.  -46.  -45.  -44.  -45.
DIST   -44.  -45.  -44.  -46.  -44.  -45.  -45.  -44.  -45.  -44.
DIST   -44.  -45.  -44.  -44.  -44.  -44.  -45.  -43.  -44.  -44.
DIST   -43.  -44.  -45.  -44.  -43.  -44.  -44.  -44.  -43.  -45.
DIST   -44.  -44.  -44.  -44.  -44.  -43.  -44.  -45.  -42.  -44.
DIST   -45.  -43.  -43.  -44.  -45.  -43.  -44.  -44.  -43.  -44.
DIST   -45.  -43.  -43.  -44.  -44.  -43.  -43.  -43.  -43.  -44.
DIST   -44.  -44.  -43.  -43.  -43.  -44.  -44.  -44.  -44.  -45.
DIST   -45.  -44.  -45.  -46.  -45.  -45.  -45.  -44.  -44.  -47.
DIST   -45.  -46.  -46.  -45.  -45.  -46.  -46.  -47.  -47.  -48.
DIST   -47.  -46.  -47.  -48.  -47.  -47.  -47.  -49.  -48.  -48.
DIST   -48.  -48.  -48.  -48.  -48.  -50.  -49.  -50.  -50.  -49.
DIST   -50.  -50.  -50.  -49.  -50.  -51.  -50.  -49.  -51.  -50.
DIST   -50.  -50.  -50.  -51.  -51.  -51.  -51.  -51.  -50.  -50.
DIST   -50.  -52.  -51.  -50.  -51.  -51.  -52.  -51.  -51.  -52.
DIST   -52.  -51.  -53.  -54.  -53.  -54.  -53.  -53.  -53.  -52.
DIST   -53.  -53.  -54.  -55.  -53.  -54.  -55.  -54.  -55.  -55.
DIST   -56.  -56.  -56.  -54.  -56.  -56.  -55.  -55.  -56.  -57.
DIST   -56.  -58.  -57.  -57.  -57.  -57.  -57.  -58.  -57.  -58.
DIST   -58.  -59.  -58.  -58.  -59.  -58.  -59.  -59.  -59.  -60.
DIST   -60.  -59.  -59.  -59.  -59.  -60.  -61.  -60.  -60.  -61.
DIST   -61.  -62.  -61.  -62.  -63.  -62.
PULSEND
c 
c **** standard hybrid for strings 14-19:optical taken from OM 19-22
c **** measured 2/2001
c **** Pulse Rebinned by Paolo Desiati from 191 0.4 to 39 2.
c **** prompt pulse
PULSBEGIN
STAT 10 39 2.
DIST    6.   10.   20.   40.   81.  150.  254.  392.  549.  711.
DIST  854.  953.  997.  988.  934.  842.  721.  588.  467.  366.
DIST  287.  219.  172.  139.  114.   96.   78.   62.   49.   39.
DIST   29.   22.   16.   11.    9.    6.    5.    5.    5.
PULSEND
c **** delayed
PULSBEGIN
STAT 9010 266 4.
DIST    -1.   14.   30.   47.   65.   85.  103.  124.  145.  166.
DIST   189.  211.  235.  260.  285.  311.  336.  363.  389.  417.
DIST   444.  471.  499.  527.  556.  583.  611.  639.  665.  692.
DIST   719.  746.  771.  797.  821.  844.  866.  887.  906.  923.
DIST   939.  952.  965.  974.  983.  990.  996.  999. 1000. 1000.
DIST   999.  997.  993.  987.  981.  974.  964.  954.  943.  930.
DIST   917.  902.  887.  870.  852.  833.  813.  792.  770.  747.
DIST   723.  698.  673.  645.  616.  588.  560.  531.  500.  471.
DIST   441.  412.  384.  354.  328.  301.  275.  250.  226.  203.
DIST   180.  159.  139.  120.  104.   87.   71.   59.   46.   36.
DIST    25.   16.    9.    2.   -4.   -8.  -12.  -16.  -17.  -20.
DIST   -20.  -20.  -20.  -19.  -19.  -18.  -16.  -14.  -12.  -11.
DIST    -8.   -6.   -5.   -4.   -4.   -3.   -2.   -2.   -3.   -4.
DIST    -5.   -6.   -9.  -10.  -14.  -17.  -20.  -25.  -29.  -33.
DIST   -38.  -43.  -50.  -54.  -60.  -67.  -72.  -79.  -85.  -91.
DIST   -97. -103. -108. -115. -119. -125. -130. -134. -137. -142.
DIST  -147. -149. -152. -154. -156. -159. -161. -161. -162. -162.
DIST  -162. -163. -162. -162. -161. -159. -158. -157. -155. -154.
DIST  -151. -149. -148. -146. -143. -142. -140. -138. -136. -136.
DIST  -134. -133. -131. -131. -129. -129. -127. -126. -126. -126.
DIST  -125. -126. -125. -126. -126. -126. -127. -127. -128. -128.
DIST  -129. -129. -130. -130. -131. -132. -133. -134. -135. -135.
DIST  -136. -137. -137. -137. -137. -137. -137. -136. -135. -134.
DIST  -133. -132. -132. -130. -129. -128. -126. -125. -123. -122.
DIST  -119. -117. -114. -111. -109. -106. -103. -100.  -95.  -91.
DIST   -87.  -83.  -78.  -74.  -67.  -62.  -57.  -52.  -45.  -40.
DIST   -33.  -26.  -20.  -13.   -6.    1.
PULSEND
c 
c **** DOM LED for string 18 taken from OM 18-33
c **** measured 2/2001
c **** Pulse Rebinned by Paolo Desiati from 217 0.4 to 44 2.
c **** prompt pulse
PULSBEGIN
STAT 11 45 2.
DIST    4.    6.    9.    15.   31.   64.  129.  234.  378.  549.
DIST  719.  864.  964.  1000.  973.  887.  762.  623.  485.  362.
DIST  257.  184.  137.   114.   99.   89.   75.   61.   53.   49.
DIST   49.   49.   48.    42.   33.   22.   14.    7.    4.    5.
DIST    5.    5.    4.     2.    0.
PULSEND
c **** delayed pulse
PULSBEGIN
STAT 9011 133 10.
DIST    12.   36.   67.   98.  136.  178.  228.  277.  330.  389.
DIST   447.  511.  572.  635.  697.  753.  810.  857.  898.  939.
DIST   966.  988. 1000. 1000.  993.  979.  956.  921.  882.  836.
DIST   787.  732.  678.  618.  561.  504.  443.  392.  341.  296.
DIST   252.  213.  179.  149.  123.  101.   82.   69.   56.   46.
DIST    38.   32.   27.   25.   20.   22.   22.   21.   20.   17.
DIST    21.   21.   20.   19.   20.   21.   18.   15.   11.    6.
DIST     1.   -3.  -14.  -19.  -27.  -36.  -45.  -53.  -62.  -68.
DIST   -73.  -78.  -80.  -82.  -83.  -82.  -80.  -76.  -71.  -65.
DIST   -61.  -54.  -50.  -44.  -42.  -39.  -37.  -32.  -35.  -37.
DIST   -39.  -41.  -43.  -45.  -45.  -46.  -46.  -43.  -38.  -33.
DIST   -28.  -19.  -11.    1.   14.   24.   33.   41.   45.   50.
DIST    52.   53.   57.   53.   53.   50.   46.   42.   35.   27.
DIST    22.   14.    7.
PULSEND
c 
c **** Laser diode dAOM controlled HV:optical taken from OM 19-36
c **** measured 2/2001
c **** Pulse Rebinned by Paolo Desiati from 636 0.4 to 128 2.
c **** prompt pulse
PULSBEGIN
STAT 12 128 2.
DIST     7.     7.     9.    16.    33.    69.   163.   341.   570.   775.
DIST   912.   986.   999.   984.   929.   845.   758.   668.   585.   499.
DIST   413.   327.   252.   188.   125.    65.    15.   -28.   -62.   -90.
DIST  -116.  -137.  -156.  -171.  -180.  -188.  -195.  -198.  -202.  -204.
DIST  -205.  -205.  -210.  -207.  -207.  -205.  -201.  -201.  -198.  -197.
DIST  -193.  -187.  -182.  -177.  -173.  -171.  -167.  -161.  -153.  -148.
DIST  -149.  -145.  -141.  -139.  -135.  -136.  -132.  -132.  -128.  -126.
DIST  -121.  -121.  -118.  -114.  -114.  -109.  -106.  -103.  -102.   -96.
DIST   -94.   -88.   -83.   -78.   -73.   -69.   -64.   -60.   -62.   -62.
DIST   -56.   -57.   -52.   -54.   -49.   -49.   -50.   -53.   -51.   -53.
DIST   -50.   -49.   -47.   -49.   -49.   -47.   -47.   -47.   -42.   -43.
DIST   -43.   -40.   -40.   -37.   -34.   -33.   -31.   -30.   -30.   -28.
DIST   -24.   -21.   -15.   -10.   -11.    -8.    -9.   -11.
PULSEND
c **** delayed pulse
PULSBEGIN
STAT 9012 376 4.
DIST     2.   14.   31.   48.   62.   79.   98.  119.  136.  159.
DIST   179.  200.  222.  247.  270.  296.  321.  347.  372.  399.
DIST   429.  455.  481.  511.  539.  568.  595.  621.  648.  675.
DIST   701.  726.  750.  774.  796.  818.  840.  860.  877.  896.
DIST   914.  928.  943.  955.  968.  976.  986.  992.  996.  999.
DIST  1000.  999.  996.  992.  986.  976.  965.  953.  938.  920.
DIST   903.  880.  858.  831.  802.  774.  742.  709.  674.  638.
DIST   599.  561.  521.  480.  438.  396.  352.  309.  269.  228.
DIST   187.  148.  110.   72.   33.   -3.  -40.  -75. -112. -143.
DIST  -174. -204. -231. -259. -285. -307. -331. -351. -371. -389.
DIST  -406. -420. -435. -448. -457. -468. -477. -484. -488. -495.
DIST  -498. -500. -500. -501. -501. -499. -495. -496. -490. -486.
DIST  -481. -475. -470. -464. -460. -453. -448. -440. -434. -428.
DIST  -422. -415. -408. -402. -397. -391. -387. -381. -376. -372.
DIST  -367. -365. -363. -359. -357. -354. -352. -353. -350. -351.
DIST  -349. -350. -350. -349. -352. -354. -353. -354. -356. -356.
DIST  -357. -358. -360. -360. -364. -364. -364. -366. -369. -369.
DIST  -370. -368. -369. -370. -370. -368. -368. -367. -364. -363.
DIST  -363. -361. -358. -357. -353. -350. -349. -345. -342. -339.
DIST  -335. -330. -327. -323. -318. -314. -310. -303. -299. -295.
DIST  -289. -285. -281. -275. -271. -264. -258. -253. -249. -243.
DIST  -240. -233. -229. -224. -219. -215. -211. -205. -201. -198.
DIST  -192. -189. -186. -180. -176. -173. -169. -166. -161. -157.
DIST  -152. -149. -145. -142. -138. -134. -131. -127. -125. -121.
DIST  -118. -114. -113. -108. -106. -104. -101.  -99.  -97.  -95.
DIST   -92.  -90.  -85.  -86.  -83.  -80.  -79.  -77.  -73.  -71.
DIST   -71.  -66.  -64.  -64.  -59.  -55.  -55.  -52.  -50.  -49.
DIST   -45.  -43.  -41.  -38.  -35.  -34.  -31.  -28.  -26.  -22.
DIST   -20.  -19.  -17.  -15.  -12.   -9.   -7.   -6.   -5.   -2.
DIST     0.   -1.    1.    3.    6.    3.    6.    6.    4.    7.
DIST     6.    5.    6.    6.    4.    3.    2.    1.   -3.   -2.
DIST    -3.   -7.   -7.  -10.  -12.  -15.  -16.  -19.  -22.  -23.
DIST   -26.  -30.  -31.  -34.  -36.  -38.  -40.  -43.  -44.  -47.
DIST   -48.  -49.  -51.  -53.  -54.  -58.  -57.  -59.  -57.  -59.
DIST   -58.  -60.  -61.  -59.  -60.  -58.  -57.  -56.  -58.  -56.
DIST   -53.  -53.  -50.  -50.  -48.  -45.  -42.  -41.  -39.  -36.
DIST   -36.  -30.  -28.  -27.  -25.  -22.  -19.  -18.  -15.  -12.
DIST    -9.   -7.   -4.   -2.   -1.    3.
PULSEND
c 
c **** dAOM LED output controlled HV:optical taken from OM 17-38
c **** measured 2/2001
c **** Pulse Rebinned by Paolo Desiati from 251 0.4 to 51 2.
c **** prompt pulse
PULSBEGIN
STAT 13 51 2.
DIST    3.    4.    6.   10.   18.   35.   71.  143.  265.  429.
DIST  613.  785.  919.  986.  996.  958.  883.  785.  681.  579.
DIST  484.  403.  334.  269.  217.  178.  148.  125.  105.   89.
DIST   75.   63.   57.   50.   44.   41.   37.   34.   31.   27.
DIST   24.   21.   17.   15.   10.    9.    6.    5.    4.    2.
DIST    3.
PULSEND
c **** delayed pulse
PULSBEGIN
STAT 9013 318 4.
DIST    -3.    8.   19.   34.   46.   62.   75.   94.  111.  129.
DIST   147.  165.  186.  207.  228.  253.  275.  298.  322.  347.
DIST   371.  397.  422.  450.  474.  500.  527.  553.  580.  607.
DIST   632.  660.  684.  708.  734.  756.  779.  802.  823.  844.
DIST   864.  882.  900.  915.  930.  946.  956.  966.  976.  984.
DIST   992.  995.  998. 1000. 1000.  998.  996.  989.  985.  977.
DIST   969.  957.  945.  931.  918.  903.  885.  865.  847.  826.
DIST   805.  784.  760.  738.  713.  688.  666.  642.  613.  590.
DIST   562.  538.  513.  487.  464.  441.  416.  393.  370.  348.
DIST   324.  305.  284.  266.  247.  231.  211.  196.  181.  167.
DIST   151.  140.  127.  118.  107.   96.   88.   79.   72.   63.
DIST    59.   54.   48.   46.   42.   38.   36.   32.   28.   29.
DIST    28.   25.   25.   24.   21.   20.   21.   19.   21.   20.
DIST    19.   17.   17.   16.   16.   15.   14.   12.   12.   12.
DIST    12.    8.    9.    6.    5.    2.   -2.   -1.   -4.   -6.
DIST    -7.  -10.  -13.  -15.  -16.  -19.  -23.  -26.  -27.  -30.
DIST   -33.  -36.  -37.  -41.  -44.  -46.  -48.  -51.  -55.  -57.
DIST   -59.  -63.  -64.  -66.  -70.  -73.  -74.  -78.  -80.  -82.
DIST   -85.  -87.  -88.  -89.  -91.  -94.  -96.  -98. -100. -101.
DIST  -103. -103. -103. -105. -105. -106. -106. -106. -107. -107.
DIST  -107. -107. -111. -108. -107. -109. -107. -106. -105. -107.
DIST  -107. -106. -105. -106. -104. -105. -103. -101. -101. -103.
DIST  -102. -101. -101. -100. -100. -102. -102. -101. -101. -103.
DIST  -102. -105. -105. -106. -107. -105. -109. -108. -111. -113.
DIST  -112. -114. -114. -114. -114. -116. -117. -117. -119. -120.
DIST  -119. -119. -117. -115. -117. -116. -112. -110. -108. -106.
DIST  -104. -101.  -97.  -93.  -89.  -85.  -82.  -76.  -73.  -66.
DIST   -64.  -56.  -50.  -44.  -38.  -31.  -28.  -21.  -14.   -8.
DIST    -2.    5.   13.   16.   23.   28.   31.   38.   41.   45.
DIST    49.   49.   52.   55.   56.   58.   59.   60.   57.   60.
DIST    61.   56.   56.   55.   53.   50.   50.   44.   43.   39.
DIST    36.   33.   29.   24.   20.   14.   11.    7.
PULSEND
